	craspi01	craspi02	craspi03	craspi04	craspi05	craspi06	craspi07	craspi08	craspi09	craspi10
2017-01-06 12:30:11	42.1875	41.1875	40.59375	42.1875	41.1875	41.6875	42.1875	42.1875	42.8125	41.1875
2017-01-06 12:31:15	44.40625	43.3125	42.1875	44.40625	42.1875	42.1875	42.1875	43.90625	43.3125	41.6875
2017-01-06 12:32:19	47.09375	45.5	44.40625	45.5	44.40625	44.40625	46.0	44.90625	46.5	45.5
2017-01-06 12:33:22	48.1875	45.5	44.90625	47.09375	45.5	45.5	46.5	46.5	47.59375	46.5
2017-01-06 12:34:26	48.6875	47.09375	46.0	47.59375	46.5	47.09375	47.09375	47.09375	48.6875	46.5
2017-01-06 12:35:30	48.6875	47.09375	45.5	47.59375	46.5	47.09375	47.59375	47.59375	48.1875	47.09375
2017-01-06 12:36:33	48.6875	47.59375	46.0	47.59375	47.09375	47.59375	48.1875	47.59375	48.6875	46.5
2017-01-06 12:37:37	49.1875	48.1875	46.5	48.1875	47.59375	48.6875	47.59375	48.1875	48.6875	47.09375
2017-01-06 12:38:40	49.1875	47.59375	46.0	48.1875	47.09375	48.6875	48.1875	47.59375	49.8125	48.1875
2017-01-06 12:39:43	49.8125	48.1875	47.09375	48.6875	47.59375	48.6875	48.6875	48.6875	49.1875	46.5
2017-01-06 12:40:47	45.5	45.5	44.40625	46.0	44.40625	47.09375	47.59375	46.0	49.1875	47.59375
2017-01-06 12:41:50	44.40625	43.90625	43.3125	44.40625	43.90625	48.6875	46.5	44.40625	46.5	45.5
2017-01-06 12:42:53	48.1875	46.5	45.5	46.5	46.0	47.59375	48.1875	46.5	48.1875	46.5
2017-01-06 12:43:56	48.6875	47.59375	46.5	48.6875	47.09375	47.59375	48.6875	47.59375	48.6875	47.09375
2017-01-06 12:45:00	48.6875	47.59375	46.5	48.6875	47.59375	48.6875	48.1875	48.6875	48.6875	47.09375
2017-01-06 12:46:03	49.1875	48.6875	46.5	48.6875	48.1875	48.6875	48.6875	48.6875	49.1875	47.59375
2017-01-06 12:47:06	49.8125	47.59375	47.59375	48.6875	47.59375	48.6875	49.1875	48.6875	49.1875	47.09375
2017-01-06 12:48:09	49.8125	48.1875	47.59375	49.1875	47.59375	48.6875	49.1875	48.6875	49.8125	47.09375
2017-01-06 12:49:12	50.3125	48.6875	47.59375	49.1875	48.1875	49.1875	49.1875	49.1875	49.8125	48.1875
2017-01-06 12:50:16	50.3125	48.6875	47.59375	49.8125	48.6875	48.6875	49.1875	48.6875	50.8125	48.1875
2017-01-06 12:51:19	50.3125	48.6875	48.1875	49.8125	48.6875	49.1875	49.1875	49.1875	50.3125	47.59375
2017-01-06 12:52:22	50.8125	48.6875	47.59375	49.8125	48.6875	49.1875	49.8125	48.6875	49.8125	48.1875
2017-01-06 12:53:25	50.8125	49.1875	47.59375	49.8125	48.6875	49.1875	49.8125	49.1875	50.3125	48.6875
2017-01-06 12:54:28	50.8125	48.6875	48.1875	50.3125	48.6875	49.8125	49.1875	49.8125	50.3125	48.6875
2017-01-06 12:55:32	50.3125	49.1875	48.1875	49.8125	48.6875	48.6875	49.1875	49.8125	50.8125	48.1875
2017-01-06 12:56:35	50.8125	49.1875	48.6875	49.8125	48.6875	49.1875	49.1875	49.8125	50.3125	48.1875
2017-01-06 12:57:38	50.8125	49.8125	48.1875	49.8125	48.6875	48.6875	49.1875	49.1875	50.8125	48.1875
2017-01-06 12:58:41	50.8125	48.6875	48.1875	49.8125	48.6875	49.8125	50.3125	49.8125	50.8125	47.59375
2017-01-06 12:59:44	50.8125	49.8125	48.1875	49.8125	49.1875	49.8125	49.8125	49.8125	50.8125	48.6875
2017-01-06 13:00:47	50.8125	48.6875	48.1875	50.8125	49.1875	49.8125	48.6875	49.8125	50.3125	48.6875
2017-01-06 13:01:51	50.3125	49.8125	48.6875	50.3125	49.1875	49.1875	49.8125	49.8125	50.8125	48.6875
2017-01-06 13:02:54	50.3125	49.8125	48.1875	50.8125	49.1875	49.8125	49.8125	49.1875	50.3125	48.6875
2017-01-06 13:03:57	50.8125	49.8125	48.1875	50.8125	48.6875	50.3125	50.3125	49.8125	50.3125	48.6875
2017-01-06 13:05:00	50.8125	49.8125	48.6875	50.3125	48.6875	49.1875	50.3125	49.8125	50.8125	49.1875
2017-01-06 13:06:03	50.8125	49.8125	48.6875	50.3125	48.6875	49.8125	49.1875	49.8125	50.8125	48.6875
2017-01-06 13:07:07	50.8125	49.1875	48.6875	50.8125	49.1875	49.8125	49.8125	49.8125	50.8125	48.6875
2017-01-06 13:08:10	50.8125	49.1875	48.6875	49.8125	49.1875	49.8125	49.8125	49.8125	50.3125	48.6875
2017-01-06 13:09:13	50.8125	49.8125	48.6875	49.8125	49.1875	49.8125	49.8125	49.8125	49.8125	48.6875
2017-01-06 13:10:16	50.8125	49.1875	48.1875	49.8125	49.1875	49.1875	49.8125	49.8125	50.8125	48.6875
2017-01-06 13:11:19	50.8125	49.1875	48.1875	49.8125	49.1875	49.8125	49.8125	49.8125	50.8125	48.6875
2017-01-06 13:12:22	50.8125	49.8125	48.1875	50.8125	48.6875	49.8125	49.8125	49.8125	50.3125	48.6875
2017-01-06 13:13:26	50.8125	49.8125	48.6875	50.3125	48.6875	49.1875	49.8125	49.8125	50.8125	48.1875
2017-01-06 13:14:29	50.8125	49.1875	48.6875	49.8125	49.8125	50.3125	49.8125	49.8125	50.8125	48.6875
2017-01-06 13:15:32	50.8125	49.8125	48.6875	50.8125	49.1875	50.3125	49.8125	49.8125	50.8125	48.6875
2017-01-06 13:16:35	50.8125	49.8125	48.1875	50.3125	48.6875	50.3125	49.8125	49.8125	50.8125	48.6875
2017-01-06 13:17:38	51.40625	49.8125	48.1875	50.3125	48.6875	50.8125	49.8125	49.8125	50.8125	48.6875
2017-01-06 13:18:42	50.8125	49.1875	48.6875	50.8125	49.1875	50.3125	50.8125	49.8125	50.8125	48.6875
2017-01-06 13:19:45	50.8125	49.8125	48.6875	50.8125	48.6875	50.8125	49.8125	50.3125	50.8125	49.1875
2017-01-06 13:20:48	50.8125	49.1875	48.6875	50.3125	49.8125	49.8125	49.8125	49.8125	50.8125	49.8125
2017-01-06 13:21:51	50.8125	49.8125	48.1875	50.8125	49.8125	49.8125	49.8125	49.8125	50.8125	48.6875
2017-01-06 13:22:54	50.8125	49.8125	48.6875	50.3125	49.8125	50.3125	49.1875	49.8125	50.8125	48.6875
2017-01-06 13:23:58	50.8125	49.8125	48.6875	50.8125	49.1875	49.8125	49.8125	49.8125	50.8125	49.1875
2017-01-06 13:25:01	51.40625	49.8125	48.6875	50.3125	49.1875	49.8125	50.3125	49.8125	50.3125	48.6875
2017-01-06 13:26:04	50.8125	49.8125	48.6875	50.3125	49.8125	50.8125	49.1875	49.8125	50.8125	48.1875
2017-01-06 13:27:07	50.8125	49.8125	48.1875	50.3125	49.1875	49.8125	50.3125	50.3125	50.8125	48.6875
2017-01-06 13:28:10	51.40625	49.1875	48.6875	50.8125	49.1875	50.3125	49.8125	50.8125	50.8125	48.6875
2017-01-06 13:29:14	50.8125	49.8125	48.6875	50.3125	48.6875	49.8125	49.1875	50.3125	50.3125	48.6875
2017-01-06 13:30:17	50.8125	49.8125	48.6875	50.8125	49.1875	49.8125	49.8125	49.8125	50.3125	48.6875
2017-01-06 13:31:20	50.8125	49.8125	48.6875	50.8125	49.8125	49.8125	50.3125	49.8125	50.8125	48.6875
2017-01-06 13:32:23	50.8125	49.8125	48.6875	50.3125	49.8125	49.8125	50.3125	50.3125	50.8125	48.6875
2017-01-06 13:33:26	50.8125	49.8125	48.6875	50.8125	49.8125	50.8125	50.3125	49.8125	50.8125	49.1875
2017-01-06 13:34:29	51.40625	49.8125	48.6875	50.8125	49.1875	50.8125	49.8125	49.8125	50.8125	49.1875
2017-01-06 13:35:33	50.8125	50.3125	48.6875	50.8125	49.1875	50.3125	49.8125	50.8125	50.8125	48.6875
2017-01-06 13:36:36	50.8125	49.1875	49.1875	50.8125	49.1875	49.8125	48.6875	49.8125	50.8125	48.6875
2017-01-06 13:37:39	50.8125	50.3125	48.6875	50.3125	49.8125	49.8125	49.8125	50.3125	50.8125	48.6875
2017-01-06 13:38:42	51.40625	49.8125	48.6875	50.8125	49.1875	50.3125	49.1875	50.3125	50.8125	48.6875
2017-01-06 13:39:45	50.8125	49.8125	48.6875	50.8125	48.6875	49.1875	49.8125	50.3125	51.40625	48.6875
2017-01-06 13:40:48	50.8125	49.1875	48.6875	50.8125	49.8125	49.8125	50.3125	49.8125	51.40625	48.6875
2017-01-06 13:41:51	50.8125	49.8125	48.6875	50.3125	49.8125	49.8125	50.3125	49.8125	51.90625	49.1875
2017-01-06 13:42:55	50.8125	49.8125	48.6875	50.8125	49.1875	49.8125	50.8125	50.3125	50.8125	49.1875
2017-01-06 13:43:58	50.8125	49.8125	48.6875	50.8125	49.1875	50.8125	49.8125	50.3125	49.8125	49.1875
2017-01-06 13:45:01	50.8125	49.8125	48.6875	50.8125	48.6875	49.8125	50.3125	49.8125	50.3125	49.1875
2017-01-06 13:46:04	50.3125	49.8125	48.1875	50.8125	48.6875	49.8125	49.8125	49.8125	50.8125	48.6875
2017-01-06 13:47:07	50.8125	49.8125	48.6875	50.3125	49.8125	49.1875	49.1875	49.8125	50.3125	48.6875
2017-01-06 13:48:10	50.3125	50.3125	48.6875	50.8125	48.6875	49.1875	49.8125	49.8125	50.8125	48.6875
2017-01-06 13:49:14	50.8125	49.8125	48.6875	50.3125	49.1875	50.3125	49.8125	50.3125	49.8125	48.1875
2017-01-06 13:50:17	50.8125	49.8125	48.6875	50.8125	49.1875	48.6875	50.3125	50.3125	50.8125	48.6875
2017-01-06 13:51:20	50.8125	50.3125	48.6875	50.8125	49.8125	49.8125	49.8125	50.8125	50.8125	48.6875
2017-01-06 13:52:23	48.6875	48.6875	46.5	49.8125	49.1875	49.8125	49.1875	48.6875	50.8125	48.1875
2017-01-06 13:53:26	45.5	45.5	44.40625	46.5	45.5	48.6875	50.3125	46.5	50.8125	48.6875
2017-01-06 13:54:30	45.5	44.40625	43.3125	45.5	44.40625	49.1875	49.1875	45.5	50.8125	48.6875
2017-01-06 13:55:33	44.40625	44.40625	42.8125	45.5	44.40625	49.8125	49.1875	44.90625	50.8125	48.1875
2017-01-06 13:56:36	44.40625	43.3125	42.1875	44.40625	43.3125	49.8125	49.8125	43.90625	50.8125	48.6875
2017-01-06 13:57:40	44.40625	43.3125	42.1875	44.40625	43.3125	49.1875	49.8125	43.90625	50.8125	49.1875
2017-01-06 13:58:43	44.40625	43.3125	42.1875	44.40625	43.3125	49.1875	49.8125	43.3125	50.8125	48.6875
2017-01-06 13:59:46	43.90625	42.8125	42.8125	44.40625	42.8125	49.8125	50.3125	43.3125	50.8125	48.6875
2017-01-06 14:00:50	43.3125	42.8125	42.1875	43.3125	42.8125	49.8125	49.8125	43.3125	51.40625	48.6875
2017-01-06 14:01:53	43.90625	42.1875	41.1875	43.3125	42.1875	49.8125	49.8125	43.3125	50.8125	49.1875
2017-01-06 14:02:56	43.3125	42.1875	42.1875	43.3125	42.1875	49.8125	49.8125	43.3125	47.09375	45.5
2017-01-06 14:04:00	43.90625	42.1875	41.1875	43.3125	42.1875	49.8125	50.8125	42.8125	46.5	44.90625
2017-01-06 14:05:03	43.3125	42.8125	41.1875	43.3125	42.1875	49.8125	47.59375	42.8125	44.90625	43.90625
2017-01-06 14:06:07	43.3125	42.1875	41.1875	43.3125	42.1875	47.09375	46.0	42.8125	45.5	43.90625
2017-01-06 14:07:10	43.3125	42.1875	41.1875	43.3125	42.1875	45.5	45.5	43.3125	44.90625	43.3125
2017-01-06 14:08:13	43.3125	42.1875	41.1875	43.3125	41.6875	44.40625	44.90625	42.8125	44.40625	42.8125
2017-01-06 14:09:17	42.8125	41.6875	41.1875	42.8125	42.1875	44.40625	44.40625	42.1875	44.40625	42.8125
2017-01-06 14:10:20	43.3125	42.1875	41.1875	42.8125	42.8125	43.90625	44.40625	42.1875	44.40625	42.1875
2017-01-06 14:11:23	42.8125	42.1875	41.1875	42.8125	41.6875	43.3125	43.3125	42.1875	44.90625	42.8125
2017-01-06 14:12:27	43.3125	41.1875	41.1875	42.8125	41.1875	43.90625	43.3125	42.1875	44.40625	42.1875
2017-01-06 14:13:30	43.3125	42.1875	41.1875	42.8125	41.6875	43.3125	43.3125	42.1875	43.90625	42.1875
2017-01-06 14:14:33	42.8125	42.1875	41.1875	42.8125	42.1875	43.3125	42.8125	41.6875	44.40625	42.1875
2017-01-06 14:15:37	43.3125	41.6875	41.1875	43.3125	41.6875	42.8125	42.8125	42.1875	43.90625	42.1875
2017-01-06 14:16:40	43.3125	41.6875	41.1875	43.3125	41.1875	43.3125	43.3125	42.1875	43.90625	42.1875
2017-01-06 14:17:44	43.3125	42.1875	41.1875	42.8125	42.1875	43.3125	42.8125	42.1875	43.3125	41.6875
2017-01-06 14:18:47	43.3125	41.1875	41.1875	43.3125	41.6875	42.1875	42.1875	42.1875	44.40625	42.1875
2017-01-06 14:19:51	42.8125	41.6875	41.1875	42.8125	41.6875	42.8125	43.3125	42.1875	43.3125	41.1875
2017-01-06 14:20:54	43.3125	42.1875	41.1875	42.8125	41.6875	42.1875	42.8125	41.6875	43.3125	41.6875
2017-01-06 14:21:57	43.3125	41.6875	40.59375	42.8125	41.1875	43.3125	42.1875	41.1875	43.3125	42.1875
2017-01-06 14:23:01	42.8125	41.1875	41.1875	42.1875	41.6875	42.8125	42.8125	42.1875	43.3125	41.6875
2017-01-06 14:24:04	43.3125	41.1875	40.59375	42.8125	41.1875	42.8125	42.1875	41.6875	43.3125	41.6875
2017-01-06 14:25:07	43.3125	41.1875	40.59375	42.8125	41.6875	42.8125	42.8125	42.1875	43.3125	41.1875
2017-01-06 14:26:11	42.8125	41.1875	41.1875	42.8125	41.6875	42.1875	42.1875	42.1875	43.3125	41.1875
2017-01-06 14:27:14	43.3125	41.6875	41.1875	42.1875	41.6875	42.1875	42.1875	42.1875	43.3125	42.1875
2017-01-06 14:28:18	42.1875	41.6875	41.1875	42.8125	42.1875	42.8125	43.3125	42.1875	43.3125	41.1875
2017-01-06 14:29:21	43.3125	41.1875	41.1875	42.8125	41.1875	42.1875	42.1875	42.1875	43.3125	41.6875
2017-01-06 14:30:25	42.8125	41.1875	41.1875	42.8125	41.1875	42.8125	42.1875	42.1875	43.3125	41.1875
2017-01-06 14:31:28	43.3125	41.6875	41.1875	42.1875	41.1875	42.1875	42.1875	42.1875	43.3125	41.1875
2017-01-06 14:32:31	42.8125	41.1875	41.1875	42.1875	42.1875	42.1875	42.1875	42.1875	42.8125	41.6875
2017-01-06 14:33:35	43.3125	41.1875	40.59375	42.8125	41.1875	42.8125	42.1875	42.1875	43.3125	41.1875
2017-01-06 14:34:38	42.8125	41.1875	40.59375	42.8125	41.1875	42.8125	42.1875	41.6875	43.3125	41.1875
2017-01-06 14:35:41	42.8125	41.1875	40.59375	42.8125	41.1875	42.1875	41.6875	42.1875	43.3125	41.6875
2017-01-06 14:36:45	43.3125	41.1875	40.59375	43.3125	41.1875	42.8125	42.1875	41.6875	42.1875	41.1875
2017-01-06 14:37:48	42.8125	41.1875	40.59375	42.8125	41.6875	42.1875	42.1875	42.1875	43.3125	41.1875
2017-01-06 14:38:52	42.8125	41.1875	41.1875	42.1875	41.1875	42.8125	42.1875	42.1875	43.3125	41.1875
2017-01-06 14:39:55	42.8125	41.1875	40.09375	42.1875	41.6875	42.1875	41.6875	42.1875	42.8125	41.1875
2017-01-06 14:40:58	43.3125	41.1875	41.1875	42.1875	41.1875	42.1875	41.1875	41.6875	42.8125	41.1875
2017-01-06 14:42:02	42.8125	41.6875	40.59375	42.8125	41.1875	42.1875	42.1875	41.1875	43.3125	42.1875
2017-01-06 14:43:05	42.8125	41.6875	40.59375	42.1875	41.1875	42.1875	42.1875	42.1875	42.8125	41.6875
2017-01-06 14:44:08	42.1875	41.1875	40.59375	42.8125	41.1875	42.1875	42.1875	41.6875	42.8125	41.1875
2017-01-06 14:45:12	43.3125	41.1875	40.59375	42.1875	41.1875	42.1875	41.1875	42.1875	43.3125	41.1875
2017-01-06 14:46:15	43.3125	41.6875	41.1875	42.1875	41.1875	42.1875	42.8125	41.6875	42.8125	41.6875
2017-01-06 14:47:18	42.8125	41.1875	40.59375	42.8125	41.6875	42.1875	42.1875	42.1875	43.3125	41.1875
2017-01-06 14:48:22	42.8125	41.1875	40.59375	42.8125	41.1875	42.1875	42.1875	42.1875	42.8125	41.6875
2017-01-06 14:49:25	42.8125	41.1875	40.59375	42.8125	41.6875	42.1875	41.6875	42.1875	43.3125	41.1875
2017-01-06 14:50:29	42.8125	41.1875	40.59375	42.1875	41.1875	42.1875	42.1875	41.6875	42.8125	41.1875
2017-01-06 14:51:32	42.8125	40.59375	40.59375	42.8125	41.1875	42.1875	42.1875	41.1875	43.3125	41.1875
2017-01-06 14:52:35	42.8125	41.1875	40.09375	42.8125	41.1875	42.1875	42.1875	42.1875	42.8125	41.1875
2017-01-06 14:53:39	43.3125	41.6875	41.1875	42.8125	41.1875	42.1875	42.1875	42.1875	42.8125	41.1875
2017-01-06 14:54:42	42.8125	41.1875	41.1875	42.1875	41.1875	42.1875	42.1875	42.1875	43.3125	41.1875
2017-01-06 14:55:46	42.8125	41.6875	40.09375	42.1875	41.6875	42.1875	42.1875	41.1875	42.8125	41.1875
2017-01-06 14:56:49	42.8125	41.1875	41.1875	42.1875	41.1875	42.1875	41.6875	42.1875	43.3125	41.1875
2017-01-06 14:57:52	42.8125	41.1875	40.09375	42.1875	41.1875	41.6875	42.1875	41.6875	42.8125	41.1875
2017-01-06 14:58:56	42.8125	41.1875	40.59375	42.8125	41.1875	42.1875	41.6875	41.6875	42.8125	41.1875
2017-01-06 14:59:59	42.8125	41.1875	40.59375	42.8125	41.1875	41.6875	42.1875	41.1875	42.8125	41.1875
2017-01-06 15:01:02	42.8125	41.1875	40.59375	42.1875	41.6875	42.1875	42.1875	41.6875	42.8125	41.1875
2017-01-06 15:02:06	43.3125	41.1875	40.59375	42.1875	41.1875	42.1875	42.1875	41.6875	43.3125	41.1875
2017-01-06 15:03:09	42.8125	41.1875	41.1875	42.1875	42.1875	42.8125	41.1875	42.1875	42.8125	41.1875
2017-01-06 15:04:13	43.3125	41.1875	40.59375	42.1875	41.1875	42.1875	42.1875	41.6875	42.8125	41.6875
2017-01-06 15:05:16	42.8125	41.1875	40.59375	42.1875	41.1875	42.8125	41.6875	42.1875	42.1875	41.1875
2017-01-06 15:06:19	42.8125	41.1875	40.59375	42.1875	41.1875	42.1875	42.1875	41.6875	43.3125	41.1875
2017-01-06 15:07:23	42.1875	41.1875	40.59375	42.1875	41.1875	42.1875	42.1875	42.1875	43.3125	41.6875
2017-01-06 15:08:26	42.8125	41.1875	40.59375	42.1875	41.1875	42.1875	41.6875	42.1875	42.1875	41.1875
2017-01-06 15:09:29	42.8125	41.1875	41.1875	42.1875	41.1875	42.1875	41.1875	41.6875	43.3125	41.1875
2017-01-06 15:10:33	46.0	43.90625	42.8125	44.90625	43.3125	44.40625	44.40625	44.40625	46.0	43.3125
2017-01-06 15:11:36	48.1875	46.0	44.40625	47.09375	46.0	46.5	46.5	46.0	47.09375	45.5
2017-01-06 15:12:39	44.40625	43.3125	41.6875	44.40625	43.3125	44.40625	43.90625	43.3125	44.90625	43.3125
2017-01-06 15:13:42	43.3125	42.1875	42.1875	43.3125	42.1875	43.3125	43.3125	42.8125	43.90625	42.1875
2017-01-06 15:14:46	43.3125	42.1875	41.6875	43.3125	42.1875	42.8125	42.8125	42.1875	44.40625	42.1875
2017-01-06 15:15:49	43.3125	42.1875	41.1875	42.1875	42.1875	42.8125	43.3125	42.8125	43.3125	42.1875
2017-01-06 15:16:52	43.3125	41.6875	41.1875	42.8125	42.1875	42.8125	42.1875	42.1875	43.3125	41.1875
